edit(data.frame(TrustC))
   cntry        Country Concern KKS ppltrst pplfair pplhlp Povertyrisk Deprivation hincfel34 RHEthnicity RHFEthnicity parties justice administration government parliament public
1     AT        Austria    32.0 128     5.7     6.3    5.7        16.9         6.3      14.7       0.172        0.191    32.7    68.6           67.5       49.8       53.6   39.6
2     BE        Belgium    38.8 118     5.1     5.8    4.9        19.5         9.7      19.6       0.240        0.266    21.1    46.2           52.4       34.9       40.7   49.3
3     BG       Bulgaria    26.4  51     3.6     4.3    3.6        32.8        31.9      67.0       0.170        0.170    12.7    21.1           36.2       28.0       19.3   33.8
4     CY         Cyprus    37.0  91     3.8     4.3    3.9        22.3        18.8      39.3       0.110        0.092     9.8    37.8           33.0       29.1       33.1   56.1
5     CZ Czech Republic    34.5  92     5.0     5.4    5.0        12.5         6.1      28.3       0.043        0.025    16.8    46.6           53.7       40.4       24.9   33.4
6     DE        Germany    38.5 123     5.3     6.1    5.4        17.4        15.2      11.8       0.229        0.250    30.6    69.4           67.1       49.7       53.9   62.4
7     DK        Denmark    36.2 129      NA      NA     NA        16.3         6.6        NA          NA           NA    40.8    85.8           75.6       62.6       64.8   62.9
8     EE        Estonia    16.6  82     5.6     5.9    5.1        24.3         8.3      22.2       0.039        0.025    12.9    63.2           63.7       43.5       40.1   39.8
9     ES          Spain    38.4  91     5.1     5.5    4.4        25.3        16.7      22.3       0.209        0.209     7.4    42.2           38.3       20.6       19.1   49.8
10    FI        Finland    33.8 111     6.9     7.0    6.2        15.6         7.6      11.8          NA           NA    26.2    84.5           72.0       56.6       62.4   59.8
11    FR         France    44.6 104     4.6     5.9    4.8        17.9        10.8      22.7       0.242        0.288     8.5    45.9           53.9       24.3       26.9   56.5
12    GB United Kingdom    39.4 104     5.2     5.7    5.8          NA          NA      13.5       0.227        0.211     9.7    52.4           45.0       20.8       20.7   57.1
13    GR         Greece    31.9  66      NA      NA     NA        30.0        32.6        NA          NA           NA     6.7    49.9           23.3       25.8       23.4   51.3
14    HR        Croatia    37.0  64     4.1     4.8    3.9        23.3        17.4      17.0       0.055        0.032    12.5    19.9           23.1       15.5       15.6   32.6
15    HU        Hungary    21.1  71     4.9     4.9    4.8        18.9        19.1      31.3       0.131        0.071    29.9    50.1           56.7       47.8       45.5   29.7
16    IE        Ireland    37.9 190     5.5     6.1    6.1        20.6        13.8      15.7       0.218        0.234    27.2    60.0           60.1       41.9       41.5   50.0
17    IT          Italy    32.7  97     4.8     4.8    4.3        25.6        14.1      28.4       0.161        0.144    15.3    37.4           26.4       24.6       27.0   51.0
18    LT      Lithuania    19.4  81     4.7     5.2    4.4        26.3        18.5      27.6       0.020        0.009     8.9    43.0           46.2       31.6       13.4   40.0
19    LU     Luxembourg    42.2 261      NA      NA     NA        20.6         5.2        NA          NA           NA    27.3    70.3           80.3       68.1       55.8   57.8
20    LV         Latvia    28.5  69     4.3     5.5    5.2        27.3        16.3      31.0       0.018        0.009     5.5    36.5           32.1       28.3       18.9   33.4
21    MT          Malta    23.4 100      NA      NA     NA        20.1         8.7        NA          NA           NA    28.9    45.4           52.3       50.6       43.7   33.7
22    NL    Netherlands    57.1 130     6.1     6.6    5.7        16.5         5.5       8.4       0.144        0.144    40.5    76.0           63.4       58.8       62.9   77.5
23    PL         Poland    22.3  71     4.1     4.9    4.0        18.2         7.1      20.5       0.001        0.000    21.9    35.7           44.0       33.8       29.4   31.3
24    PT       Portugal    29.3  78     4.0     5.4    4.1        21.6        13.5      28.8       0.199        0.182    21.5    48.5           41.7       46.1       39.0   45.6
25    RO        Romania    25.6  65      NA      NA     NA        31.2        29.3        NA          NA           NA    26.4    44.7           41.5       30.1       31.4   19.0
26    SE         Sweden    46.5 120     6.3     6.6    6.1        18.8         5.0       6.7       0.001        0.000    30.3    77.1           66.5       55.7       65.7   71.7
27    SI       Slovenia    38.9  87     4.5     5.2    5.0        14.4         8.2      13.5       0.028        0.014    13.9    25.1           39.1       31.2       26.4   47.7
28    SK       Slovakia    27.7  71     3.9     4.4    4.0        16.4        12.6      29.6       0.211        0.129    13.8    22.6           43.3       24.9       22.7   31.4